0,486
0,485
0,484
0,483
0,482
0,481
0,480
0,479
0,478
0,477
0,476
52,5
52,4
52,3
52,2
0,475
52,1
52,0
0,474
0,473
0,472
0,471
0,243
51,5
51,4
51,3
51,2
51,1
51,0
0,470
0,469
0,468
0,467
0,466
0,386
50,4
50,3
50,2
50,1
50,0
35,2
49,4
49,3
49,2
49,1
49,0
0,278
0,9
35,1
35,3
48,35
10,102
10,158
10,190
10,212
10,64
10,192
10,152
10,156
11,22
11,15
11,5
11,19
11,8
11,17
9,4
9,6
8,14
8,10
46,7
46,6
46,5
46,4
46,3
46,2
46,1
46,0
43,3
43,2
43,1
43,0
42,3
42,2
42,1
42,0
41,5
41,4
41,3
41,2
41,1
41,0
38,3
38,2
38,1
38,0
20,3
20,2
20,1
19,3
19,2
19,1
18,3
18,1
14,3
14,1
13,3
